tsp_6_1.txt[0, 5, 4, 3, 2, 1, 0]	132
0.00031679996754974127
0.0003166000824421644
0.00031320005655288696
0.0003138999454677105
0.0003146000672131777
0.0003138999454677105
0.0003165999660268426
0.00031109992414712906
0.0002842000685632229
0.00031209993176162243
0.0003124999348074198
0.00030830001924186945




tsp_6_2.txt[0, 4, 3, 2, 1, 5, 0]	80
0.00031530007254332304
0.00031299993861466646
0.0003135999431833625
0.0003111000405624509
0.0003130000550299883
0.00031139992643147707
0.0003109000390395522
0.00031159992795437574
0.00030700000934302807
0.00032890005968511105
0.00031150004360824823
0.0003084999043494463


tsp_10.txt[0, 3, 4, 2, 8, 7, 6, 9, 1, 5, 0]	212
1.3496911999536678
1.3382275000913069
1.3561549000442028
1.3456456999992952
1.3460849999682978
1.3447377999546006
1.3293987000361085
1.3288719999836758
1.338205699925311
1.3490263000130653
1.3557862000307068
1.3465969999087974


tsp_12.txt[0, 1, 8, 4, 6, 2, 11, 9, 7, 5, 3, 10, 0]	264
172.57242689991836
171.89849539997522
172.37228349992074
172.99965790007263
173.1530440999195
172.9188628999982





